1.943000000000000000e+03
2.048000000000000000e+03
1.578000000000000000e+03
2.685000000000000000e+03
1.831000000000000000e+03
2.282000000000000000e+03
1.561000000000000000e+03
2.826000000000000000e+03
2.854000000000000000e+03
3.370000000000000000e+03
2.445000000000000000e+03
2.652000000000000000e+03
1.857000000000000000e+03
2.921000000000000000e+03
1.554000000000000000e+03
3.101000000000000000e+03
2.767000000000000000e+03
2.738000000000000000e+03
2.255000000000000000e+03
2.918000000000000000e+03
1.851000000000000000e+03
3.009000000000000000e+03
3.126000000000000000e+03
3.255000000000000000e+03
3.006000000000000000e+03
3.397000000000000000e+03
3.216000000000000000e+03
1.507000000000000000e+03
2.614000000000000000e+03
2.546000000000000000e+03
2.097000000000000000e+03
2.333000000000000000e+03
3.145000000000000000e+03
2.129000000000000000e+03
1.956000000000000000e+03
1.851000000000000000e+03
2.903000000000000000e+03
2.202000000000000000e+03
1.779000000000000000e+03
1.795000000000000000e+03
3.084000000000000000e+03
2.525000000000000000e+03
2.286000000000000000e+03
2.684000000000000000e+03
2.699000000000000000e+03
3.198000000000000000e+03
2.112000000000000000e+03
2.610000000000000000e+03
2.959000000000000000e+03
1.633000000000000000e+03
3.413000000000000000e+03
